Error:[ 4.32476103]
Pred:[1 1 1 1 1 1 1 1]
True:[1 0 1 0 1 0 0 0]
100 + 68 = 255
------------
Error:[ 3.79252319]
Pred:[1 1 1 1 1 1 1 1]
True:[1 1 1 1 1 0 1 0]
125 + 125 = 255
------------
Error:[ 4.12765176]
Pred:[1 0 1 1 1 1 0 0]
True:[1 1 0 0 0 0 0 1]
122 + 71 = 188
------------
Error:[ 3.89832429]
Pred:[0 1 1 1 1 1 0 1]
True:[0 1 1 0 0 1 0 1]
78 + 23 = 125
------------
Error:[ 2.74232096]
Pred:[1 1 0 1 1 1 1 0]
True:[1 1 0 1 1 1 1 0]
96 + 126 = 222
------------
Error:[ 1.20789252]
Pred:[1 0 0 1 1 1 0 0]
True:[1 0 0 1 1 1 0 0]
32 + 124 = 156
------------
Error:[ 0.94402244]
Pred:[1 0 0 0 0 0 1 1]
True:[1 0 0 0 0 0 1 1]
107 + 24 = 131
------------
Error:[ 0.388379]
Pred:[0 1 1 1 1 0 1 0]
True:[0 1 1 1 1 0 1 0]
91 + 31 = 122
------------
Error:[ 0.45148266]
Pred:[0 0 1 0 1 1 0 1]
True:[0 0 1 0 1 1 0 1]
18 + 27 = 45
------------
Error:[ 0.25285549]
Pred:[0 1 1 1 1 1 0 0]
True:[0 1 1 1 1 1 0 0]
13 + 111 = 124
------------
